index	timestamp	label
174	1603782505.76099	500109
234	1603782507.78097	500209
295	1603782509.83642	500309
356	1603782511.86628	500409
416	1603782513.875	500509
477	1603782515.91018	500609
534	1603782517.96583	500709
593	1603782519.98162	500809
654	1603782522.00757	500909
1026	1603782534.6268	500113
1086	1603782536.6829	500213
1147	1603782538.69611	500313
1207	1603782540.73241	500413
1267	1603782542.75981	500513
1328	1603782544.81831	500613
1389	1603782546.8657	500713
1449	1603782548.85388	500813
1510	1603782550.90501	500913
1571	1603782552.93375	501013
1631	1603782554.9959	501113
1692	1603782557.00122	501213
1753	1603782559.04064	501313
2128	1603782571.61457	500105
2189	1603782573.66528	500205
2249	1603782575.68641	500305
2310	1603782577.69474	500405
2370	1603782579.72608	500505
2745	1603782592.3433	6001051
2806	1603782594.40421	6002051
2866	1603782596.42257	6003051
2927	1603782598.4418	6004051
2988	1603782600.48548	6005051
3574	1603782620.1204	6001131
3634	1603782622.14243	6002130
3694	1603782624.16329	6003130
3755	1603782626.19791	6004130
3816	1603782628.22278	6005130
3876	1603782630.2871	6006130
3937	1603782632.31362	6007130
3998	1603782634.35795	6008130
4059	1603782636.39121	6009130
4119	1603782638.39028	6010130
4180	1603782640.43304	6011130
4241	1603782642.48572	6012130
4301	1603782644.48567	6013130
5121	1603782672.11431	6001091
5182	1603782674.15024	6002090
5242	1603782676.17795	6003090
5303	1603782678.22243	6004090
5364	1603782680.25559	6005090
5424	1603782682.26234	6006090
5485	1603782684.30438	6007091
5546	1603782686.32974	6008091
5606	1603782688.38398	6009090
6311	1603782711.99049	6001131
6372	1603782714.03341	6002131
6432	1603782716.057	6003131
6493	1603782718.07821	6004131
6554	1603782720.13326	6005130
6614	1603782722.1851	6006130
6675	1603782724.16306	6007130
6735	1603782726.20813	6008130
6796	1603782728.24126	6009130
6857	1603782730.26859	6010130
6917	1603782732.30325	6011130
6978	1603782734.33369	6012130
7039	1603782736.38798	6013130
7859	1603782763.98827	6001091
7920	1603782766.0212	6002091
7980	1603782768.032	6003091
8040	1603782770.07549	6004091
8101	1603782772.12183	6005091
8162	1603782774.13208	6006091
8222	1603782776.17422	6007091
8283	1603782778.22489	6008090
8344	1603782780.21396	6009090
9048	1603782803.83311	6001131
9109	1603782805.87798	6002131
9169	1603782807.8884	6003130
9230	1603782809.91398	6004130
9290	1603782811.96722	6005130
9351	1603782813.99685	6006130
9412	1603782816.00683	6007130
9472	1603782818.0306	6008130
9533	1603782820.09619	6009130
9593	1603782822.11453	6010130
9654	1603782824.16275	6011130
9715	1603782826.18817	6012130
9775	1603782828.19045	6013130
10598	1603782855.83422	6001051
10659	1603782857.86718	6002051
10720	1603782859.8902	6003051
10780	1603782861.91978	6004051
10841	1603782863.9631	6005051
11426	1603782883.5655	6001051
11487	1603782885.60968	6002051
11547	1603782887.64018	6003051
11608	1603782889.65351	6004051
11669	1603782891.69806	6005051
12254	1603782911.31031	6001090
12315	1603782913.3434	6002090
12375	1603782915.36579	6003090
12436	1603782917.40801	6004090
12497	1603782919.44054	6005090
12557	1603782921.47169	6006090
12618	1603782923.5602	6007091
12679	1603782925.56537	6008090
12739	1603782927.57959	6009090
13444	1603782951.2129	6001091
13505	1603782953.22924	6002091
13565	1603782955.23794	6003090
13626	1603782957.27891	6004090
13686	1603782959.30776	6005090
13747	1603782961.34799	6006090
13808	1603782963.36837	6007090
13869	1603782965.41104	6008090
13929	1603782967.45508	6009090
14634	1603782991.05459	6001130
14694	1603782993.08378	6002130
14755	1603782995.12594	6003130
14815	1603782997.1336	6004130
14876	1603782999.17976	6005130
14937	1603783001.20534	6006130
14998	1603783003.25764	6007130
15058	1603783005.27582	6008130
15119	1603783007.33321	6009130
15180	1603783009.3708	6010130
15240	1603783011.37296	6011130
15301	1603783013.41453	6012130
15362	1603783015.46459	6013130
16186	1603783043.05123	6001051
16246	1603783045.08835	6002051
16307	1603783047.12415	6003051
16368	1603783049.14918	6004051
16428	1603783051.19146	6005051
17014	1603783070.81582	500113
17075	1603783072.83686	500213
17135	1603783074.874	500313
17196	1603783076.91827	500413
17257	1603783078.97556	500513
17318	1603783080.98276	500613
17378	1603783083.01032	500713
17439	1603783085.06377	500813
17500	1603783087.10295	500913
17560	1603783089.14119	501013
17621	1603783091.1729	501113
17682	1603783093.22104	501213
17742	1603783095.22037	501313
18118	1603783107.81903	500109
18179	1603783109.88294	500209
18240	1603783111.90236	500309
18301	1603783113.92675	500409
18361	1603783115.95713	500509
18422	1603783117.98852	500609
18483	1603783120.0468	500709
18543	1603783122.06832	500809
18604	1603783124.09434	500909
18980	1603783136.69091	500105
19041	1603783138.71618	500205
19101	1603783140.74084	500305
19161	1603783142.79517	500405
19222	1603783144.81349	500505
20413	1603783184.8289	500105
20474	1603783186.82753	500205
20534	1603783188.87114	500305
20594	1603783190.92054	500405
20655	1603783192.92879	500505
21031	1603783205.55441	500113
21092	1603783207.57157	500213
21152	1603783209.60965	500313
21213	1603783211.6233	500413
21274	1603783213.67237	500513
21334	1603783215.69815	500613
21395	1603783217.71435	500713
21456	1603783219.76684	500813
21516	1603783221.80965	500913
21577	1603783223.81855	501013
21638	1603783225.85595	501113
21699	1603783227.91587	501213
21759	1603783229.92237	501313
22135	1603783242.5483	500109
22196	1603783244.57897	500209
22256	1603783246.57487	500309
22317	1603783248.60634	500409
22377	1603783250.62475	500509
22438	1603783252.65724	500609
22498	1603783254.70013	500709
22559	1603783256.73255	500809
22620	1603783258.7824	500909
22996	1603783271.37774	6001051
23056	1603783273.395	6002051
23117	1603783275.43042	6003051
23178	1603783277.45762	6004051
23238	1603783279.52323	6005051
23824	1603783299.12347	6001131
23884	1603783301.17611	6002131
23945	1603783303.19162	6003131
24006	1603783305.22602	6004130
24067	1603783307.24252	6005130
24127	1603783309.26523	6006130
24187	1603783311.28831	6007130
24248	1603783313.33277	6008131
24309	1603783315.37108	6009130
24369	1603783317.39997	6010130
24430	1603783319.439	6011130
24491	1603783321.45825	6012130
24551	1603783323.51454	6013130
25375	1603783351.10782	6001051
25436	1603783353.15475	6002051
25496	1603783355.17161	6003051
25557	1603783357.18719	6004051
25617	1603783359.23379	6005051
26203	1603783378.81838	6001131
26263	1603783380.92227	6002131
26323	1603783382.87202	6003131
26384	1603783384.92226	6004130
26445	1603783386.93971	6005130
26506	1603783388.98598	6006130
26560	1603783391.00643	6007130
26621	1603783393.05965	6008131
26682	1603783395.0992	6009130
26742	1603783397.13223	6010130
26803	1603783399.15095	6011130
26864	1603783401.19105	6012130
26924	1603783403.2197	6013130
27746	1603783430.82719	6001091
27807	1603783432.8562	6002091
27867	1603783434.87545	6003090
27928	1603783436.91503	6004090
27989	1603783438.96768	6005090
28049	1603783440.9799	6006090
28110	1603783443.00923	6007090
28171	1603783445.0602	6008090
28231	1603783447.10005	6009090
28936	1603783470.70001	6001091
28997	1603783472.73751	6002091
29057	1603783474.77296	6003090
29118	1603783476.77544	6004090
29178	1603783478.80975	6005091
29239	1603783480.86711	6006090
29300	1603783482.89162	6007090
29360	1603783484.92256	6008090
29421	1603783486.95216	6009090
30126	1603783510.56362	6001051
30187	1603783512.60068	6002051
30247	1603783514.64316	6003051
30307	1603783516.64273	6004051
30368	1603783518.69109	6005051
30953	1603783538.31255	6001131
31014	1603783540.33405	6002131
31075	1603783542.35879	6003131
31135	1603783544.41176	6004130
31196	1603783546.45045	6005130
31257	1603783548.46888	6006130
31318	1603783550.4972	6007130
31378	1603783552.54257	6008130
31439	1603783554.5748	6009130
31500	1603783556.60228	6010130
31560	1603783558.63978	6011130
31620	1603783560.66015	6012130
31681	1603783562.71291	6013130
32505	1603783590.31919	6001131
32565	1603783592.3295	6002131
32626	1603783594.36605	6003131
32687	1603783596.38598	6004131
32747	1603783598.42557	6005130
32808	1603783600.44593	6006130
32869	1603783602.47948	6007130
32929	1603783604.51837	6008130
32990	1603783606.5422	6009130
33051	1603783608.59031	6010130
33112	1603783610.61185	6011130
33172	1603783612.67307	6012130
33233	1603783614.68865	6013130
34057	1603783642.3691	6001091
34118	1603783644.34795	6002091
34178	1603783646.36407	6003090
34239	1603783648.39793	6004091
34299	1603783650.40139	6005090
34360	1603783652.44685	6006091
34421	1603783654.50523	6007090
34479	1603783656.51917	6008090
34540	1603783658.54206	6009090
35245	1603783682.17952	6001090
35305	1603783684.19433	6002090
35366	1603783686.22196	6003091
35426	1603783688.27629	6004090
35482	1603783690.27677	6005090
35543	1603783692.33503	6006090
35603	1603783694.34954	6007090
35663	1603783696.37695	6008090
35724	1603783698.40473	6009090
36427	1603783721.99911	6001051
36488	1603783724.04904	6002051
36548	1603783726.07681	6003050
36608	1603783728.10299	6004050
36669	1603783730.1354	6005050
37254	1603783749.74301	500109
37315	1603783751.76116	500209
37375	1603783753.79059	500309
37436	1603783755.82915	500409
37496	1603783757.82998	500509
37556	1603783759.87373	500609
37617	1603783761.91963	500709
37678	1603783763.9319	500809
37738	1603783765.94843	500909
38114	1603783778.55627	500105
38175	1603783780.58606	500205
38235	1603783782.59665	500305
38296	1603783784.64929	500405
38356	1603783786.6811	500505
38732	1603783799.26602	500113
38792	1603783801.28577	500213
38853	1603783803.31036	500313
38913	1603783805.35659	500413
38974	1603783807.36691	500513
39035	1603783809.39689	500613
39095	1603783811.41766	500713
39156	1603783813.47471	500813
39217	1603783815.52134	500913
39277	1603783817.54855	501013
39338	1603783819.57226	501113
39395	1603783821.58895	501213
39455	1603783823.63985	501313
43973	1603783975.10617	500113
44034	1603783977.13824	500213
44094	1603783979.16563	500313
44155	1603783981.19312	500413
44216	1603783983.21923	500513
44276	1603783985.26401	500613
44337	1603783987.30212	500713
44398	1603783989.34119	500813
44458	1603783991.38802	500913
44519	1603783993.38458	501013
44580	1603783995.43095	501113
44640	1603783997.43243	501213
44701	1603783999.4819	501313
45077	1603784012.08947	500109
45137	1603784014.11759	500209
45198	1603784016.14079	500309
45259	1603784018.16856	500409
45319	1603784020.19966	500509
45380	1603784022.24802	500609
45441	1603784024.27304	500709
45501	1603784026.30255	500809
45562	1603784028.35914	500909
45938	1603784040.95362	500105
45999	1603784043.00248	500205
46059	1603784045.02122	500305
46120	1603784047.04146	500405
46181	1603784049.08161	500505
46557	1603784061.66707	6001130
46617	1603784063.70338	6002131
46678	1603784065.73642	6003130
46738	1603784067.76194	6004130
46799	1603784069.79087	6005130
46860	1603784071.84916	6006130
46920	1603784073.8545	6007130
46981	1603784075.90767	6008130
47042	1603784077.92808	6009130
47102	1603784079.97025	6010130
47163	1603784082.01394	6011130
47224	1603784084.02296	6012130
47284	1603784086.04963	6013130
48109	1603784113.67805	6001131
48162	1603784115.73192	6002130
48223	1603784117.74721	6003130
48284	1603784119.77081	6004130
48344	1603784121.81659	6005130
48405	1603784123.8415	6006130
48466	1603784125.87873	6007130
48526	1603784127.90525	6008130
48587	1603784129.96746	6009130
48648	1603784131.98307	6010130
48708	1603784134.00916	6011130
48769	1603784136.05071	6012130
48830	1603784138.1008	6013130
49651	1603784165.69544	6001051
49712	1603784167.72358	6002051
49772	1603784169.73338	6003051
49832	1603784171.77563	6004051
49893	1603784173.81882	6005050
50478	1603784193.4373	6001131
50539	1603784195.47729	6002131
50599	1603784197.47099	6003130
50660	1603784199.50326	6004130
50721	1603784201.54363	6005130
50781	1603784203.58105	6006130
50842	1603784205.62442	6007130
50903	1603784207.65872	6008130
50959	1603784209.68617	6009130
51020	1603784211.71119	6010130
51081	1603784213.7359	6011130
51141	1603784215.79199	6012130
51202	1603784217.82175	6013130
52026	1603784245.43273	6001051
52087	1603784247.4532	6002051
52147	1603784249.47282	6003051
52208	1603784251.528	6004051
52268	1603784253.5467	6005051
52854	1603784273.17679	6001051
52915	1603784275.20378	6002051
52975	1603784277.21713	6003051
53035	1603784279.24394	6004051
53096	1603784281.30732	6005051
53681	1603784300.90465	6001091
53742	1603784302.94962	6002090
53802	1603784304.95543	6003090
53863	1603784306.97267	6004090
53924	1603784309.00809	6005090
53983	1603784311.07513	6006090
54044	1603784313.07196	6007091
54105	1603784315.1193	6008090
54165	1603784317.14082	6009090
54870	1603784340.74726	6001091
54930	1603784342.77367	6002091
54990	1603784344.80622	6003090
55051	1603784346.82991	6004090
55112	1603784348.8807	6005090
55172	1603784350.91078	6006091
55233	1603784352.93144	6007090
55293	1603784354.97119	6008090
55354	1603784356.97633	6009090
56056	1603784380.59763	6001131
56114	1603784382.63779	6002131
56174	1603784384.66035	6003130
56235	1603784386.6974	6004130
56296	1603784388.73797	6005130
56356	1603784390.78928	6006130
56417	1603784392.77895	6007130
56478	1603784394.83122	6008130
56538	1603784396.8574	6009130
56599	1603784398.90797	6010130
56660	1603784400.9282	6011130
56720	1603784402.95953	6012130
56781	1603784405.003	6013130
57605	1603784432.62102	6001051
57666	1603784434.66035	6002051
57726	1603784436.69375	6003051
57787	1603784438.73202	6004051
57848	1603784440.76511	6005051
58433	1603784460.37077	6001091
58494	1603784462.41395	6002091
58554	1603784464.43964	6003091
58615	1603784466.43948	6004091
58675	1603784468.4753	6005091
58736	1603784470.5377	6006091
58796	1603784472.55891	6007091
58856	1603784474.58022	6008091
58917	1603784476.60566	6009091
59622	1603784500.23017	6001091
59683	1603784502.258	6002091
59743	1603784504.31144	6003091
59804	1603784506.32596	6004091
59863	1603784508.38917	6005091
59923	1603784510.39156	6006091
59984	1603784512.42962	6007091
60045	1603784514.46745	6008090
60105	1603784516.51408	6009090
60810	1603784540.10693	500113
60871	1603784542.13912	500213
60931	1603784544.17079	500313
60992	1603784546.19705	500413
61052	1603784548.2486	500513
61112	1603784550.25555	500613
61173	1603784552.30114	500713
61233	1603784554.35249	500813
61294	1603784556.37002	500913
61355	1603784558.45794	501013
61415	1603784560.43373	501113
61476	1603784562.49079	501213
61537	1603784564.51141	501313
61911	1603784577.11092	500105
61968	1603784579.13196	500205
62029	1603784581.18034	500305
62090	1603784583.20348	500405
62150	1603784585.22381	500505
62526	1603784597.83874	500109
62587	1603784599.86536	500209
62648	1603784601.89011	500309
62709	1603784603.91636	500409
62768	1603784605.99379	500509
62829	1603784607.99728	500609
62890	1603784610.0345	500709
62950	1603784612.07276	500809
63011	1603784614.10118	500909
69099	1603784818.27043	500113
69159	1603784820.31944	500213
69220	1603784822.32488	500313
69280	1603784824.37051	500413
69341	1603784826.39366	500513
69402	1603784828.4112	500613
69462	1603784830.4524	500713
69523	1603784832.50295	500813
69584	1603784834.51527	500913
69644	1603784836.57451	501013
69705	1603784838.58392	501113
69766	1603784840.62233	501213
69826	1603784842.65051	501313
70202	1603784855.25841	500109
70263	1603784857.28819	500209
70324	1603784859.32339	500309
70384	1603784861.35107	500409
70445	1603784863.39385	500509
70506	1603784865.43472	500609
70566	1603784867.45709	500709
70627	1603784869.50555	500809
70688	1603784871.52081	500909
71061	1603784884.12554	500105
71121	1603784886.1834	500205
71182	1603784888.19684	500305
71243	1603784890.28277	500405
71303	1603784892.26088	500505
71679	1603784904.87411	6001131
71740	1603784906.88688	6002130
71801	1603784908.91235	6003130
71861	1603784910.96413	6004130
71922	1603784912.98239	6005130
71982	1603784915.01683	6006130
72043	1603784917.03008	6007130
72104	1603784919.05658	6008130
72164	1603784921.09794	6009130
72225	1603784923.13736	6010130
72286	1603784925.1874	6011130
72346	1603784927.18699	6012130
72407	1603784929.21441	6013130
73229	1603784956.83719	6001131
73289	1603784958.8828	6002130
73350	1603784960.88689	6003131
73410	1603784962.92914	6004131
73471	1603784964.95252	6005131
73532	1603784966.985	6006131
73592	1603784969.04438	6007131
73653	1603784971.07693	6008130
73714	1603784973.09614	6009131
73774	1603784975.12353	6010130
73835	1603784977.16371	6011131
73896	1603784979.20315	6012131
73956	1603784981.24064	6013130
74780	1603785008.84914	6001091
74840	1603785010.89393	6002090
74901	1603785012.91516	6003091
74962	1603785014.94582	6004091
75022	1603785016.975	6005091
75083	1603785019.01126	6006090
75144	1603785021.03371	6007090
75204	1603785023.07326	6008090
75265	1603785025.13759	6009090
75970	1603785048.73908	6001091
76030	1603785050.74964	6002091
76091	1603785052.78341	6003090
76152	1603785054.83715	6004090
76212	1603785056.85103	6005091
76273	1603785058.86745	6006091
76334	1603785060.94324	6007091
76394	1603785062.9581	6008091
76455	1603785064.98926	6009090
77160	1603785088.59189	6001051
77221	1603785090.64993	6002051
77281	1603785092.67624	6003051
77342	1603785094.69674	6004051
77403	1603785096.76211	6005051
77988	1603785116.36251	6001051
78045	1603785118.37649	6002051
78106	1603785120.40914	6003051
78167	1603785122.4348	6004051
78227	1603785124.48971	6005051
78813	1603785144.08896	6001051
78873	1603785146.15049	6002051
78934	1603785148.16356	6003051
78995	1603785150.19796	6004051
79055	1603785152.22494	6005051
79643	1603785171.9298	6001130
79704	1603785173.96034	6002130
79764	1603785175.9685	6003130
79825	1603785178.00906	6004130
79885	1603785180.04627	6005130
79946	1603785182.09745	6006130
80007	1603785184.11702	6007130
80067	1603785186.15141	6008130
80128	1603785188.16383	6009130
80189	1603785190.20429	6010130
80247	1603785192.24359	6011130
80307	1603785194.27089	6012130
80368	1603785196.30705	6013130
81192	1603785223.93195	6001091
81253	1603785225.95477	6002090
81313	1603785228.00759	6003091
81374	1603785230.04032	6004090
81435	1603785232.07482	6005090
81495	1603785234.09207	6006090
81556	1603785236.1265	6007090
81617	1603785238.15376	6008090
81677	1603785240.19004	6009090
82382	1603785263.81964	6001091
82443	1603785265.83764	6002091
82504	1603785267.83806	6003091
82564	1603785269.93238	6004090
82625	1603785271.93868	6005091
82686	1603785273.96874	6006090
82746	1603785276.02456	6007090
82807	1603785278.04545	6008090
82868	1603785280.07691	6009090
83572	1603785303.71167	6001130
83633	1603785305.73344	6002130
83693	1603785307.73817	6003130
83754	1603785309.79271	6004130
83815	1603785311.80497	6005130
83875	1603785313.86123	6006130
83936	1603785315.86575	6007130
83997	1603785317.92215	6008130
84057	1603785319.96041	6009130
84118	1603785321.97393	6010130
84179	1603785324.01925	6011130
84239	1603785326.04028	6012130
84300	1603785328.09378	6013130
85124	1603785355.68649	6001051
85185	1603785357.72839	6002051
85246	1603785359.75478	6003051
85306	1603785361.80615	6004051
85364	1603785363.84344	6005051
85948	1603785383.40563	500105
86009	1603785385.4356	500205
86070	1603785387.46296	500305
86130	1603785389.51124	500405
86191	1603785391.50486	500505
86566	1603785404.14316	500113
86627	1603785406.15951	500213
86688	1603785408.19272	500313
86749	1603785410.25214	500413
86809	1603785412.26849	500513
86870	1603785414.29823	500613
86931	1603785416.33263	500713
86991	1603785418.36544	500813
87052	1603785420.41792	500913
87113	1603785422.43131	501013
87173	1603785424.46054	501113
87234	1603785426.49428	501213
87295	1603785428.53654	501313
87671	1603785441.13113	500109
87731	1603785443.17421	500209
87792	1603785445.18626	500309
87853	1603785447.22466	500409
87913	1603785449.25329	500509
87974	1603785451.30428	500609
88035	1603785453.35698	500709
88095	1603785455.35126	500809
88156	1603785457.44948	500909
90508	1603785536.3938	500109
90569	1603785538.40369	500209
90629	1603785540.44605	500309
90690	1603785542.49132	500409
90751	1603785544.52399	500509
90812	1603785546.53759	500609
90872	1603785548.57741	500709
90933	1603785550.61867	500809
90994	1603785552.66606	500909
91370	1603785565.23874	500105
91430	1603785567.29159	500205
91491	1603785569.31788	500305
91552	1603785571.33952	500405
91612	1603785573.38992	500505
91988	1603785585.9942	500113
92049	1603785588.01947	500213
92110	1603785590.06586	500313
92170	1603785592.06692	500413
92231	1603785594.11433	500513
92292	1603785596.13976	500613
92352	1603785598.20301	500713
92413	1603785600.20929	500813
92474	1603785602.25083	500913
92534	1603785604.27173	501013
92595	1603785606.30774	501113
92656	1603785608.33872	501213
92716	1603785610.37238	501313
93090	1603785622.9966	6001051
93151	1603785625.01295	6002051
93212	1603785627.05834	6003051
93272	1603785629.06662	6004051
93333	1603785631.10712	6005051
93915	1603785650.72444	6001091
93975	1603785652.76722	6002091
94036	1603785654.79271	6003091
94097	1603785656.82607	6004091
94157	1603785658.86345	6005091
94218	1603785660.91466	6006090
94279	1603785662.96121	6007091
94339	1603785664.95016	6008090
94400	1603785667.01491	6009090
95105	1603785690.63627	6001131
95166	1603785692.64975	6002130
95226	1603785694.67873	6003131
95287	1603785696.71754	6004131
95347	1603785698.75428	6005130
95408	1603785700.79379	6006130
95469	1603785702.80984	6007130
95530	1603785704.84756	6008130
95590	1603785706.88465	6009130
95651	1603785708.93137	6010130
95712	1603785710.95651	6011130
95772	1603785712.97986	6012130
95833	1603785714.99055	6013130
96657	1603785742.65128	6001091
96718	1603785744.67788	6002091
96778	1603785746.7053	6003090
96839	1603785748.74846	6004090
96900	1603785750.75175	6005091
96960	1603785752.7972	6006090
97021	1603785754.84655	6007090
97082	1603785756.84809	6008090
97142	1603785758.90226	6009090
97847	1603785782.5177	6001051
97908	1603785784.56166	6002051
97969	1603785786.60101	6003051
98029	1603785788.61628	6004051
98090	1603785790.67197	6005051
98675	1603785810.26225	6001091
98736	1603785812.30674	6002091
98797	1603785814.32979	6003091
98857	1603785816.36638	6004091
98918	1603785818.39121	6005091
98979	1603785820.44653	6006090
99039	1603785822.44784	6007090
99100	1603785824.51228	6008090
99161	1603785826.55065	6009090
99861	1603785850.14881	6001051
99922	1603785852.19204	6002051
99983	1603785854.20939	6003051
100044	1603785856.23922	6004051
100104	1603785858.29023	6005051
100690	1603785877.91315	6001130
100750	1603785879.95243	6002130
100811	1603785881.96867	6003130
100872	1603785884.02345	6004130
100932	1603785886.0298	6005130
100993	1603785888.08598	6006130
101054	1603785890.08464	6007130
101114	1603785892.12258	6008130
101175	1603785894.16101	6009130
101236	1603785896.20643	6010130
101296	1603785898.2325	6011130
101357	1603785900.28053	6012130
101418	1603785902.30776	6013130
102242	1603785929.91575	6001051
102303	1603785931.94098	6002051
102363	1603785934.00653	6003051
102424	1603785936.02267	6004051
102485	1603785938.033	6005050
103070	1603785957.68533	6001131
103128	1603785959.69238	6002130
103188	1603785961.75266	6003130
103249	1603785963.77534	6004131
103310	1603785965.82452	6005131
103370	1603785967.82297	6006130
103431	1603785969.85044	6007130
103491	1603785971.89313	6008131
103552	1603785973.92095	6009130
103613	1603785975.94373	6010130
103673	1603785978.0086	6011130
103734	1603785980.03643	6012130
103795	1603785982.05187	6013130
104617	1603786009.67137	6001091
104678	1603786011.68425	6002090
104738	1603786013.76074	6003090
104799	1603786015.77415	6004090
104860	1603786017.81545	6005091
104920	1603786019.8547	6006090
104981	1603786021.86723	6007091
105042	1603786023.89232	6008090
105102	1603786025.9519	6009090
105806	1603786049.55419	6001131
105867	1603786051.59934	6002131
105923	1603786053.63939	6003131
105984	1603786055.65907	6004131
106045	1603786057.68332	6005131
106105	1603786059.72765	6006131
106166	1603786061.75418	6007130
106227	1603786063.80047	6008130
106287	1603786065.84323	6009131
106348	1603786067.85693	6010131
106409	1603786069.90828	6011130
106469	1603786071.93487	6012130
106530	1603786073.96715	6013130
107354	1603786101.57683	500109
107415	1603786103.62063	500209
107476	1603786105.63402	500309
107536	1603786107.64851	500409
107597	1603786109.72899	500509
107658	1603786111.74214	500609
107718	1603786113.77965	500709
107779	1603786115.80585	500809
107840	1603786117.8343	500909
108215	1603786130.44586	500105
108275	1603786132.48771	500205
108336	1603786134.49483	500305
108397	1603786136.53667	500405
108457	1603786138.56115	500505
108833	1603786151.18346	500113
108894	1603786153.22365	500213
108954	1603786155.21022	500313
109015	1603786157.26949	500413
109076	1603786159.28886	500513
109136	1603786161.32077	500613
109197	1603786163.36337	500713
109258	1603786165.37697	500813
109318	1603786167.43935	500913
109379	1603786169.48481	501013
109440	1603786171.48906	501113
109500	1603786173.52854	501213
109561	1603786175.55577	501313
112065	1603786259.46639	500105
112126	1603786261.49362	500205
112186	1603786263.49231	500305
112246	1603786265.5475	500405
112307	1603786267.58383	500505
112683	1603786280.19966	500113
112744	1603786282.2204	500213
112804	1603786284.23971	500313
112865	1603786286.28676	500413
112926	1603786288.31172	500513
112986	1603786290.33738	500613
113047	1603786292.36746	500713
113108	1603786294.43082	500813
113168	1603786296.43378	500913
113229	1603786298.47038	501013
113290	1603786300.52373	501113
113351	1603786302.55233	501213
113411	1603786304.57961	501313
113784	1603786317.17216	500109
113845	1603786319.21925	500209
113906	1603786321.22547	500309
113966	1603786323.2777	500409
114027	1603786325.30622	500509
114088	1603786327.33551	500609
114148	1603786329.40287	500709
114209	1603786331.42221	500809
114270	1603786333.4298	500909
114646	1603786346.04521	6001131
114706	1603786348.09815	6002131
114767	1603786350.0916	6003131
114828	1603786352.13849	6004130
114888	1603786354.16502	6005130
114949	1603786356.20773	6006130
115010	1603786358.24695	6007130
115070	1603786360.28816	6008130
115131	1603786362.32467	6009130
115192	1603786364.34926	6010130
115252	1603786366.38716	6011130
115313	1603786368.41401	6012130
115374	1603786370.46698	6013130
116194	1603786398.06379	6001051
116255	1603786400.10056	6002051
116315	1603786402.12682	6003051
116376	1603786404.15295	6004051
116437	1603786406.20528	6005051
117022	1603786425.81135	6001051
117083	1603786427.8533	6002051
117143	1603786429.86438	6003051
117204	1603786431.90696	6004051
117265	1603786433.96517	6005051
117850	1603786453.55964	6001051
117911	1603786455.6198	6002051
117972	1603786457.62302	6003051
118032	1603786459.67327	6004051
118093	1603786461.68727	6005051
118678	1603786481.30903	6001091
118739	1603786483.34703	6002091
118800	1603786485.37732	6003091
118860	1603786487.43259	6004091
118921	1603786489.45505	6005091
118982	1603786491.49064	6006091
119042	1603786493.5188	6007091
119103	1603786495.55432	6008090
119164	1603786497.57252	6009090
119868	1603786521.21878	6001130
119929	1603786523.22195	6002130
119990	1603786525.25952	6003130
120051	1603786527.29959	6004131
120111	1603786529.33814	6005130
120172	1603786531.36806	6006130
120232	1603786533.39255	6007130
120293	1603786535.4423	6008130
120354	1603786537.47465	6009130
120415	1603786539.48287	6010130
120475	1603786541.55244	6011130
120536	1603786543.56258	6012130
120597	1603786545.62612	6013130
121420	1603786573.20386	6001091
121480	1603786575.24546	6002090
121541	1603786577.25999	6003090
121602	1603786579.32563	6004091
121663	1603786581.34158	6005090
121723	1603786583.37791	6006090
121784	1603786585.41833	6007090
121844	1603786587.44739	6008090
121905	1603786589.48893	6009090
122606	1603786613.09929	6001091
122667	1603786615.13527	6002091
122727	1603786617.16292	6003091
122788	1603786619.18612	6004090
122849	1603786621.22551	6005090
122909	1603786623.26248	6006090
122970	1603786625.30126	6007090
123031	1603786627.33256	6008090
123091	1603786629.37301	6009090
123796	1603786652.98139	6001130
123857	1603786655.01637	6002130
123917	1603786657.05353	6003130
123978	1603786659.07111	6004130
124039	1603786661.12612	6005130
124100	1603786663.145	6006130
124160	1603786665.1982	6007130
124221	1603786667.22353	6008131
124282	1603786669.24884	6009130
124342	1603786671.28039	6010130
124403	1603786673.31769	6011130
124464	1603786675.34407	6012130
124524	1603786677.39613	6013130
125348	1603786704.99493	6001051
125409	1603786707.04889	6002051
125470	1603786709.06119	6003051
125530	1603786711.09651	6004051
125591	1603786713.14886	6005051
126174	1603786732.75447	6001091
126235	1603786734.78145	6002091
126295	1603786736.82186	6003090
126356	1603786738.83824	6004090
126417	1603786740.86269	6005090
126477	1603786742.90702	6006090
126538	1603786744.91519	6007090
126599	1603786746.96374	6008090
126660	1603786749.00818	6009090
127364	1603786772.62966	6001130
127425	1603786774.62948	6002130
127486	1603786776.68975	6003130
127546	1603786778.7051	6004130
127607	1603786780.74317	6005130
127668	1603786782.78931	6006130
127728	1603786784.83053	6007131
127789	1603786786.8516	6008130
127850	1603786788.88005	6009131
127910	1603786790.93049	6010130
127971	1603786792.94696	6011130
128032	1603786794.98892	6012130
128092	1603786797.00589	6013130
128912	1603786824.63122	500113
128973	1603786826.65726	500213
129034	1603786828.70254	500313
129095	1603786830.75389	500413
129155	1603786832.78712	500513
129216	1603786834.78954	500613
129277	1603786836.85389	500713
129337	1603786838.87341	500813
129398	1603786840.90057	500913
129459	1603786842.93215	501013
129519	1603786844.98336	501113
129580	1603786846.98572	501213
129641	1603786849.03796	501313
130016	1603786861.62568	500109
130076	1603786863.65964	500209
130137	1603786865.72682	500309
130198	1603786867.72531	500409
130258	1603786869.78571	500509
130319	1603786871.80227	500609
130380	1603786873.83051	500709
130440	1603786875.87088	500809
130501	1603786877.91007	500909
130877	1603786890.51999	500105
130938	1603786892.5527	500205
130998	1603786894.57704	500305
131059	1603786896.6035	500405
131120	1603786898.636	500505
137083	1603787099.16598	500109
137143	1603787101.20507	500209
137203	1603787103.19281	500309
137264	1603787105.24211	500409
137325	1603787107.27526	500509
137386	1603787109.31577	500609
137446	1603787111.34514	500709
137507	1603787113.36534	500809
137568	1603787115.39105	500909
137944	1603787128.0025	500113
138004	1603787130.05182	500213
138065	1603787132.05299	500313
138126	1603787134.11191	500413
138186	1603787136.13288	500513
138247	1603787138.18287	500613
138308	1603787140.19435	500713
138368	1603787142.23762	500813
138429	1603787144.28993	500913
138490	1603787146.3172	501013
138550	1603787148.34074	501113
138611	1603787150.3697	501213
138672	1603787152.39242	501313
139048	1603787165.00798	500105
139108	1603787167.04495	500205
139169	1603787169.07575	500305
139229	1603787171.10179	500405
139290	1603787173.12406	500505
139666	1603787185.72813	6001091
139727	1603787187.7599	6002090
139787	1603787189.80541	6003090
139848	1603787191.81989	6004091
139909	1603787193.87724	6005091
139969	1603787195.89051	6006091
140028	1603787197.91854	6007090
140089	1603787199.92991	6008090
140149	1603787201.97876	6009091
140854	1603787225.60605	6001051
140915	1603787227.6571	6002051
140976	1603787229.6791	6003050
141036	1603787231.69276	6004050
141097	1603787233.75299	6005051
141682	1603787253.37467	6001131
141743	1603787255.39226	6002131
141804	1603787257.43493	6003131
141864	1603787259.45632	6004131
141925	1603787261.48895	6005130
141985	1603787263.52902	6006131
142045	1603787265.55614	6007130
142106	1603787267.59265	6008130
142166	1603787269.62135	6009130
142227	1603787271.63285	6010130
142288	1603787273.67697	6011130
142348	1603787275.69756	6012130
142409	1603787277.75073	6013130
143228	1603787305.35948	6001091
143284	1603787307.38834	6002091
143344	1603787309.42453	6003091
143405	1603787311.45605	6004091
143466	1603787313.5043	6005091
143526	1603787315.51185	6006090
143587	1603787317.55505	6007091
143648	1603787319.60844	6008090
143708	1603787321.64263	6009091
144413	1603787345.23603	6001051
144474	1603787347.29525	6002051
144535	1603787349.31069	6003051
144595	1603787351.33198	6004051
144656	1603787353.37832	6005051
145239	1603787372.97025	6001051
145300	1603787375.0366	6002051
145361	1603787377.07609	6003051
145421	1603787379.08735	6004051
145482	1603787381.13176	6005051
146067	1603787400.73637	6001091
146127	1603787402.73489	6002091
146187	1603787404.76362	6003091
146248	1603787406.78976	6004091
146309	1603787408.84736	6005090
146369	1603787410.87227	6006091
146430	1603787412.89783	6007090
146491	1603787414.9091	6008091
146551	1603787416.98565	6009090
147256	1603787440.58318	6001131
147317	1603787442.6212	6002131
147377	1603787444.62042	6003131
147438	1603787446.63925	6004130
147498	1603787448.68445	6005131
147559	1603787450.72712	6006130
147620	1603787452.74832	6007130
147680	1603787454.80952	6008130
147741	1603787456.83384	6009130
147802	1603787458.88336	6010130
147862	1603787460.88483	6011130
147923	1603787462.93611	6012130
147984	1603787464.96034	6013130
148808	1603787492.59489	6001051
148869	1603787494.60901	6002051
148929	1603787496.6342	6003051
148990	1603787498.67664	6004051
149051	1603787500.71666	6005051
149628	1603787520.34247	6001131
149689	1603787522.34922	6002131
149749	1603787524.40227	6003131
149810	1603787526.41902	6004131
149871	1603787528.45738	6005131
149931	1603787530.48923	6006131
149992	1603787532.50805	6007130
150048	1603787534.57318	6008131
150108	1603787536.61124	6009130
150169	1603787538.6243	6010130
150227	1603787540.65337	6011130
150288	1603787542.69323	6012130
150348	1603787544.75613	6013130
151172	1603787572.33873	6001131
151233	1603787574.39165	6002130
151294	1603787576.42715	6003130
151354	1603787578.46152	6004130
151415	1603787580.47671	6005131
151476	1603787582.5054	6006130
151536	1603787584.55054	6007130
151597	1603787586.58891	6008130
151658	1603787588.63853	6009130
151718	1603787590.63975	6010130
151779	1603787592.69463	6011130
151840	1603787594.70934	6012130
151900	1603787596.72785	6013130
152725	1603787624.37921	6001091
152785	1603787626.4069	6002091
152846	1603787628.45757	6003091
152907	1603787630.46164	6004091
152967	1603787632.51545	6005090
153028	1603787634.52261	6006090
153089	1603787636.56989	6007090
153149	1603787638.60336	6008090
153210	1603787640.62984	6009090
153914	1603787664.23093	500113
153975	1603787666.24471	500213
154035	1603787668.28244	500313
154096	1603787670.31358	500413
154157	1603787672.34198	500513
154217	1603787674.36888	500613
154278	1603787676.4208	500713
154339	1603787678.44611	500813
154399	1603787680.48756	500913
154460	1603787682.53848	501013
154521	1603787684.55126	501113
154581	1603787686.59627	501213
154642	1603787688.62104	501313
155018	1603787701.21999	500105
155078	1603787703.25431	500205
155138	1603787705.284	500305
155199	1603787707.30876	500405
155260	1603787709.34553	500505
155636	1603787721.94628	500109
155696	1603787723.99685	500209
155757	1603787726.01341	500309
155818	1603787728.04675	500409
155878	1603787730.08834	500509
155939	1603787732.11273	500609
156000	1603787734.16492	500709
156060	1603787736.16814	500809
156121	1603787738.22188	500909
157312	1603787778.34607	500113
157372	1603787780.40274	500213
157433	1603787782.40934	500313
157494	1603787784.44958	500413
157554	1603787786.48815	500513
157615	1603787788.50251	500613
157676	1603787790.55376	500713
157736	1603787792.58723	500813
157797	1603787794.62058	500913
157858	1603787796.67178	501013
157919	1603787798.68831	501113
157979	1603787800.69938	501213
158040	1603787802.73706	501313
158416	1603787815.34702	500105
158477	1603787817.3901	500205
158537	1603787819.42692	500305
158598	1603787821.46002	500405
158659	1603787823.49378	500505
159035	1603787836.08095	500109
159095	1603787838.12198	500209
159156	1603787840.16751	500309
159217	1603787842.17079	500409
159277	1603787844.2121	500509
159335	1603787846.25982	500609
159396	1603787848.27803	500709
159456	1603787850.31537	500809
159517	1603787852.37197	500909
159893	1603787864.95109	6001091
159954	1603787867.00432	6002091
160014	1603787869.04185	6003091
160075	1603787871.05605	6004090
160136	1603787873.08332	6005090
160196	1603787875.1088	6006090
160257	1603787877.13441	6007090
160318	1603787879.17223	6008090
160379	1603787881.21686	6009090
161083	1603787904.82441	6001051
161144	1603787906.86625	6002051
161205	1603787908.87379	6003051
161265	1603787910.94206	6004051
161326	1603787912.99276	6005051
161911	1603787932.57683	6001091
161972	1603787934.64078	6002091
162033	1603787936.64405	6003091
162093	1603787938.68239	6004091
162154	1603787940.73326	6005090
162215	1603787942.74824	6006090
162275	1603787944.78516	6007091
162336	1603787946.80015	6008091
162397	1603787948.85803	6009090
163102	1603787972.45975	6001131
163162	1603787974.50283	6002130
163223	1603787976.54441	6003131
163284	1603787978.57808	6004131
163344	1603787980.59382	6005130
163405	1603787982.63657	6006130
163466	1603787984.6575	6007131
163526	1603787986.69805	6008130
163587	1603787988.73704	6009130
163648	1603787990.78766	6010130
163705	1603787992.80182	6011130
163766	1603787994.82734	6012130
163827	1603787996.87067	6013130
164646	1603788024.47725	6001051
164707	1603788026.52716	6002051
164767	1603788028.61247	6003051
164828	1603788030.60058	6004051
164889	1603788032.62006	6005051
165474	1603788052.24549	6001091
165535	1603788054.28064	6002091
165595	1603788056.31981	6003091
165656	1603788058.33649	6004091
165717	1603788060.37288	6005090
165777	1603788062.41106	6006091
165838	1603788064.43027	6007091
165899	1603788066.46696	6008090
165959	1603788068.49494	6009090
166664	1603788092.1315	6001051
166725	1603788094.17075	6002051
166786	1603788096.1939	6003051
166846	1603788098.2202	6004051
166907	1603788100.25566	6005051
167492	1603788119.87476	6001131
167553	1603788121.91084	6002130
167614	1603788123.93841	6003130
167674	1603788125.97167	6004130
167735	1603788127.99917	6005130
167796	1603788130.04002	6006131
167856	1603788132.07695	6007130
167917	1603788134.10503	6008130
167978	1603788136.1247	6009130
168038	1603788138.19468	6010130
168099	1603788140.19535	6011130
168160	1603788142.23567	6012130
168220	1603788144.29316	6013130
169044	1603788171.88054	6001091
169104	1603788173.91768	6002091
169165	1603788175.97184	6003091
169226	1603788177.98843	6004090
169286	1603788180.01065	6005090
169347	1603788182.077	6006090
169408	1603788184.09325	6007090
169468	1603788186.13363	6008090
169529	1603788188.14908	6009090
170234	1603788211.76358	6001131
170294	1603788213.81638	6002131
170355	1603788215.83178	6003131
170416	1603788217.8952	6004131
170476	1603788219.92662	6005131
170531	1603788221.94812	6006131
170592	1603788223.97349	6007130
170653	1603788225.98774	6008130
170713	1603788228.03805	6009130
170774	1603788230.06701	6010130
170835	1603788232.09302	6011130
170895	1603788234.14817	6012130
170956	1603788236.19646	6013130
171779	1603788263.7847	6001131
171840	1603788265.82698	6002130
171900	1603788267.87643	6003130
171961	1603788269.88966	6004130
172022	1603788271.93697	6005130
172082	1603788273.94625	6006130
172143	1603788275.97779	6007130
172204	1603788278.04119	6008130
172264	1603788280.06154	6009130
172325	1603788282.10878	6010130
172386	1603788284.11906	6011130
172447	1603788286.15291	6012130
172507	1603788288.19188	6013130
173331	1603788315.82451	6001051
173392	1603788317.83748	6002051
173453	1603788319.8803	6003051
173513	1603788321.90328	6004051
173574	1603788323.9265	6005051
174159	1603788343.56507	500105
174220	1603788345.59992	500205
174281	1603788347.62931	500305
174341	1603788349.65564	500405
174402	1603788351.70432	500505
174778	1603788364.30076	500113
174839	1603788366.33653	500213
174900	1603788368.35773	500313
174960	1603788370.39432	500413
175021	1603788372.40817	500513
175082	1603788374.43513	500613
175142	1603788376.50107	500713
175203	1603788378.52885	500813
175264	1603788380.56699	500913
175321	1603788382.61133	501013
175382	1603788384.65783	501113
175443	1603788386.67517	501213
175503	1603788388.68597	501313
175879	1603788401.2761	500109
175940	1603788403.32407	500209
176001	1603788405.36145	500309
176061	1603788407.39978	500409
176122	1603788409.42776	500509
176183	1603788411.47653	500609
176243	1603788413.51677	500709
176304	1603788415.53087	500809
176365	1603788417.54784	500909
177834	1603788466.80121	500113
177895	1603788468.82582	500213
177949	1603788470.82678	500313
178010	1603788472.87999	500413
178070	1603788474.91596	500513
178131	1603788476.92789	500613
178192	1603788478.98821	500713
178252	1603788481.01975	500813
178313	1603788483.04804	500913
178374	1603788485.07923	501013
178434	1603788487.12768	501113
178495	1603788489.15405	501213
178556	1603788491.16542	501313
178932	1603788503.77799	500109
178992	1603788505.8051	500209
179053	1603788507.82708	500309
179114	1603788509.8818	500409
179174	1603788511.90992	500509
179234	1603788513.93655	500609
179295	1603788515.97373	500709
179355	1603788518.02538	500809
179416	1603788520.05936	500909
179792	1603788532.65324	500105
179853	1603788534.69125	500205
179913	1603788536.73244	500305
179974	1603788538.74079	500405
180035	1603788540.76941	500505
180411	1603788553.38308	6001131
180472	1603788555.40362	6002131
180532	1603788557.45733	6003130
180593	1603788559.47968	6004131
180653	1603788561.52429	6005130
180714	1603788563.54938	6006130
180775	1603788565.57955	6007130
180836	1603788567.62598	6008130
180896	1603788569.65732	6009130
180957	1603788571.66874	6010130
181018	1603788573.70928	6011130
181078	1603788575.75945	6012130
181139	1603788577.79213	6013130
181962	1603788605.40931	6001091
182023	1603788607.42439	6002091
182083	1603788609.45952	6003091
182144	1603788611.47546	6004091
182204	1603788613.52085	6005091
182265	1603788615.55228	6006091
182326	1603788617.57535	6007091
182386	1603788619.60279	6008091
182447	1603788621.64114	6009090
183152	1603788645.25661	6001051
183212	1603788647.2955	6002051
183273	1603788649.33091	6003051
183334	1603788651.38133	6004051
183395	1603788653.39762	6005051
183978	1603788673.00862	6001051
184039	1603788675.04395	6002051
184099	1603788677.08257	6003051
184160	1603788679.13158	6004051
184221	1603788681.16323	6005051
184806	1603788700.76658	6001131
184867	1603788702.81207	6002131
184927	1603788704.84481	6003130
184988	1603788706.85817	6004131
185049	1603788708.88672	6005131
185109	1603788710.91376	6006131
185170	1603788712.98126	6007130
185231	1603788714.99561	6008130
185291	1603788717.03507	6009130
185352	1603788719.0609	6010131
185407	1603788721.09185	6011130
185467	1603788723.12699	6012130
185528	1603788725.14055	6013130
186352	1603788752.77197	6001131
186413	1603788754.83896	6002131
186474	1603788756.85527	6003130
186534	1603788758.86674	6004130
186595	1603788760.90808	6005131
186656	1603788762.95757	6006131
186716	1603788764.99776	6007130
186777	1603788767.01623	6008130
186838	1603788769.03849	6009130
186898	1603788771.13674	6010130
186959	1603788773.10327	6011130
187020	1603788775.20265	6012130
187080	1603788777.19601	6013130
187904	1603788804.80663	6001091
187964	1603788806.84642	6002091
188023	1603788808.85384	6003091
188084	1603788810.91818	6004091
188144	1603788812.93732	6005091
188205	1603788814.9611	6006091
188266	1603788816.9981	6007091
188326	1603788819.02759	6008091
188387	1603788821.07809	6009091
189091	1603788844.67762	6001091
189152	1603788846.72383	6002091
189213	1603788848.72717	6003091
189273	1603788850.7765	6004091
189334	1603788852.80876	6005091
189395	1603788854.82405	6006091
189455	1603788856.87058	6007091
189516	1603788858.90369	6008091
189577	1603788860.91977	6009090
190281	1603788884.56374	6001051
190342	1603788886.5845	6002051
190402	1603788888.59251	6003051
190463	1603788890.64878	6004051
190524	1603788892.6702	6005051
191109	1603788912.29621	6001091
191170	1603788914.31437	6002091
191230	1603788916.36292	6003090
191291	1603788918.38315	6004090
191352	1603788920.41544	6005090
191412	1603788922.45502	6006090
191473	1603788924.49448	6007090
191534	1603788926.5076	6008090
191594	1603788928.54613	6009090
192293	1603788952.17067	6001051
192354	1603788954.1822	6002051
192415	1603788956.24493	6003051
192475	1603788958.27418	6004051
192536	1603788960.31188	6005051
193121	1603788979.94404	6001130
193182	1603788981.97182	6002130
193243	1603788983.96215	6003130
193303	1603788986.00977	6004130
193364	1603788988.0509	6005130
193425	1603788990.08622	6006130
193485	1603788992.11766	6007130
193546	1603788994.15808	6008130
193606	1603788996.18465	6009130
193667	1603788998.20009	6010130
193728	1603789000.23741	6011130
193788	1603789002.24907	6012131
193849	1603789004.28375	6013130
194672	1603789031.90043	500113
194733	1603789033.91936	500213
194793	1603789035.94787	500313
194854	1603789037.96352	500413
194914	1603789039.98951	500513
194975	1603789042.03717	500613
195036	1603789044.06622	500713
195096	1603789046.09596	500813
195157	1603789048.1584	500913
195218	1603789050.17168	501013
195278	1603789052.20672	501113
195339	1603789054.25032	501213
195400	1603789056.26158	501313
195776	1603789068.88795	500109
195836	1603789070.91018	500209
195897	1603789072.91849	500309
195957	1603789074.9464	500409
196018	1603789076.97806	500509
196078	1603789078.99222	500609
196139	1603789081.03381	500709
196200	1603789083.07162	500809
196260	1603789085.12256	500909
196636	1603789097.71995	500105
196697	1603789099.74748	500205
196758	1603789101.75851	500305
196818	1603789103.8129	500405
196879	1603789105.85111	500505
